# Acceptance for a 3"PMT inside a mDOM as implemented in IceTray
# Basically the product of QE, survival prob of glass and gel for wavelengths
# 2016 
# wavelength [nm]    acceptance
2.500000000000000000e+02 0.000000000000000000e+00
2.520000000000000000e+02 0.000000000000000000e+00
2.540000000000000000e+02 0.000000000000000000e+00
2.560000000000000000e+02 0.000000000000000000e+00
2.580000000000000000e+02 0.000000000000000000e+00
2.600000000000000000e+02 0.000000000000000000e+00
2.620000000000000000e+02 0.000000000000000000e+00
2.640000000000000000e+02 0.000000000000000000e+00
2.660000000000000000e+02 0.000000000000000000e+00
2.680000000000000000e+02 0.000000000000000000e+00
2.700000000000000000e+02 0.000000000000000000e+00
2.720000000000000000e+02 0.000000000000000000e+00
2.740000000000000000e+02 0.000000000000000000e+00
2.760000000000000000e+02 0.000000000000000000e+00
2.780000000000000000e+02 0.000000000000000000e+00
2.800000000000000000e+02 0.000000000000000000e+00
2.820000000000000000e+02 0.000000000000000000e+00
2.840000000000000000e+02 0.000000000000000000e+00
2.860000000000000000e+02 0.000000000000000000e+00
2.880000000000000000e+02 0.000000000000000000e+00
2.900000000000000000e+02 0.000000000000000000e+00
2.920000000000000000e+02 0.000000000000000000e+00
2.940000000000000000e+02 0.000000000000000000e+00
2.960000000000000000e+02 0.000000000000000000e+00
2.980000000000000000e+02 0.000000000000000000e+00
3.000000000000000000e+02 0.000000000000000000e+00
3.020000000000000000e+02 1.177577738022031446e-04
3.040000000000000000e+02 4.300580327034697961e-04
3.060000000000000000e+02 1.072906222472886891e-03
3.080000000000000000e+02 2.141800755433724383e-03
3.100000000000000000e+02 3.699091635964799757e-03
3.120000000000000000e+02 7.792137993928864755e-03
3.140000000000000000e+02 1.319934848750949942e-02
3.160000000000000000e+02 1.955493903105975234e-02
3.180000000000000000e+02 2.654307734758041062e-02
3.200000000000000000e+02 3.402566311449395364e-02
3.220000000000000000e+02 4.864503274757477763e-02
3.240000000000000000e+02 6.279411859523610639e-02
3.260000000000000000e+02 7.606319002087265357e-02
3.280000000000000000e+02 8.836350981796471660e-02
3.300000000000000000e+02 9.996840059754727448e-02
3.320000000000000000e+02 1.179213042461796090e-01
3.340000000000000000e+02 1.328428078982092087e-01
3.360000000000000000e+02 1.450569984932600642e-01
3.380000000000000000e+02 1.550560490764495147e-01
3.400000000000000000e+02 1.637901207315498042e-01
3.420000000000000000e+02 1.762433859190523644e-01
3.440000000000000000e+02 1.857064850377335707e-01
3.460000000000000000e+02 1.929607598584034966e-01
3.480000000000000000e+02 1.986003487155936775e-01
3.500000000000000000e+02 2.032978630383547314e-01
3.520000000000000000e+02 2.103972602393095470e-01
3.540000000000000000e+02 2.156133022442482117e-01
3.560000000000000000e+02 2.198726380223894605e-01
3.580000000000000000e+02 2.235783082760074147e-01
3.600000000000000000e+02 2.267665274920774854e-01
3.620000000000000000e+02 2.301018771274331576e-01
3.640000000000000000e+02 2.331952260439312530e-01
3.660000000000000000e+02 2.363660953676704202e-01
3.680000000000000000e+02 2.396571821442498307e-01
3.700000000000000000e+02 2.428327980589967960e-01
3.720000000000000000e+02 2.440161895783259094e-01
3.740000000000000000e+02 2.450848949831701817e-01
3.760000000000000000e+02 2.454376388462043701e-01
3.780000000000000000e+02 2.450519078168965359e-01
3.800000000000000000e+02 2.444697370189971297e-01
3.820000000000000000e+02 2.503443598494999867e-01
3.840000000000000000e+02 2.536802739336869172e-01
3.860000000000000000e+02 2.558315999910973360e-01
3.880000000000000000e+02 2.573236771662137934e-01
3.900000000000000000e+02 2.584676764004472105e-01
3.920000000000000000e+02 2.589148476496342943e-01
3.940000000000000000e+02 2.590508482699727666e-01
3.960000000000000000e+02 2.588470300369307697e-01
3.980000000000000000e+02 2.583680422231365847e-01
4.000000000000000000e+02 2.578017554136831646e-01
4.020000000000000000e+02 2.567984763040634388e-01
4.040000000000000000e+02 2.557587654652087039e-01
4.060000000000000000e+02 2.548183657200414620e-01
4.080000000000000000e+02 2.539624269173816340e-01
4.100000000000000000e+02 2.530239322250533163e-01
4.120000000000000000e+02 2.525212533748988353e-01
4.140000000000000000e+02 2.520148942564824357e-01
4.160000000000000000e+02 2.514766509511720538e-01
4.180000000000000000e+02 2.509063196226720138e-01
4.200000000000000000e+02 2.503316450519881275e-01
4.220000000000000000e+02 2.496684235765759541e-01
4.240000000000000000e+02 2.490035383629087273e-01
4.260000000000000000e+02 2.483493739867753680e-01
4.280000000000000000e+02 2.477059910118248331e-01
4.300000000000000000e+02 2.470611118595562317e-01
4.320000000000000000e+02 2.459611965154453184e-01
4.340000000000000000e+02 2.448534848784382767e-01
4.360000000000000000e+02 2.436445763784401697e-01
4.380000000000000000e+02 2.423338011980243345e-01
4.400000000000000000e+02 2.410129192336694370e-01
4.420000000000000000e+02 2.398919887868559975e-01
4.440000000000000000e+02 2.387476218446293597e-01
4.460000000000000000e+02 2.375404915887148749e-01
4.480000000000000000e+02 2.362729757768775307e-01
4.500000000000000000e+02 2.349894239058969159e-01
4.520000000000000000e+02 2.334805276431713705e-01
4.540000000000000000e+02 2.319377213093427592e-01
4.560000000000000000e+02 2.302197699128557540e-01
4.580000000000000000e+02 2.283307682300055041e-01
4.600000000000000000e+02 2.264210780854465088e-01
4.620000000000000000e+02 2.237860161355876287e-01
4.640000000000000000e+02 2.211491153655949227e-01
4.660000000000000000e+02 2.183467250035200924e-01
4.680000000000000000e+02 2.153788253192049362e-01
4.700000000000000000e+02 2.124091649961667438e-01
4.720000000000000000e+02 2.092864231284694843e-01
4.740000000000000000e+02 2.061637785712336080e-01
4.760000000000000000e+02 2.031458711558142560e-01
4.780000000000000000e+02 2.002326946729904578e-01
4.800000000000000000e+02 1.973196139426517115e-01
4.820000000000000000e+02 1.947676077770643943e-01
4.840000000000000000e+02 1.922146292421436642e-01
4.860000000000000000e+02 1.898572198971649194e-01
4.880000000000000000e+02 1.876954686759763902e-01
4.900000000000000000e+02 1.855329000406027995e-01
4.920000000000000000e+02 1.835747021231145526e-01
4.940000000000000000e+02 1.816150964091042264e-01
4.960000000000000000e+02 1.797385566067854490e-01
4.980000000000000000e+02 1.779451705386407012e-01
5.000000000000000000e+02 1.761505722555340159e-01
5.020000000000000000e+02 1.742546088924436520e-01
5.040000000000000000e+02 1.723560948741339194e-01
5.060000000000000000e+02 1.705029578425804881e-01
5.080000000000000000e+02 1.686953625440777982e-01
5.100000000000000000e+02 1.668856575564308109e-01
5.120000000000000000e+02 1.647967849546548846e-01
5.140000000000000000e+02 1.627072818118121267e-01
5.160000000000000000e+02 1.602500378133843717e-01
5.180000000000000000e+02 1.574249700868023405e-01
5.200000000000000000e+02 1.545991881777235288e-01
5.220000000000000000e+02 1.505795285772467684e-01
5.240000000000000000e+02 1.465591291936008955e-01
5.260000000000000000e+02 1.419633790919921923e-01
5.280000000000000000e+02 1.367921702060099776e-01
5.300000000000000000e+02 1.316201040204473816e-01
5.320000000000000000e+02 1.262003794362558107e-01
5.340000000000000000e+02 1.207803210208811401e-01
5.360000000000000000e+02 1.154394146329760507e-01
5.380000000000000000e+02 1.101776714707657923e-01
5.400000000000000000e+02 1.049156172191749170e-01
5.420000000000000000e+02 1.005052579063409057e-01
5.440000000000000000e+02 9.609537291793981972e-02
5.460000000000000000e+02 9.217419944708898916e-02
5.480000000000000000e+02 8.874165238140620249e-02
5.500000000000000000e+02 8.530947850732255311e-02
5.520000000000000000e+02 8.264109464154767437e-02
5.540000000000000000e+02 7.997278770941013137e-02
5.560000000000000000e+02 7.761798707695473365e-02
5.580000000000000000e+02 7.557666674888713354e-02
5.600000000000000000e+02 7.353540577214379148e-02
5.620000000000000000e+02 7.191411395581996657e-02
5.640000000000000000e+02 7.029292515185547874e-02
5.660000000000000000e+02 6.877508566840824511e-02
5.680000000000000000e+02 6.736058283618197307e-02
5.700000000000000000e+02 6.594617064217862812e-02
5.720000000000000000e+02 6.469099390671603778e-02
5.740000000000000000e+02 6.343591075148106995e-02
5.760000000000000000e+02 6.223963275923040384e-02
5.780000000000000000e+02 6.110215206175710623e-02
5.800000000000000000e+02 5.996475703114573230e-02
5.820000000000000000e+02 5.881368514337191600e-02
5.840000000000000000e+02 5.766253453136249013e-02
5.860000000000000000e+02 5.653072417928080989e-02
5.880000000000000000e+02 5.541825660435042294e-02
5.900000000000000000e+02 5.430571507969764178e-02
5.920000000000000000e+02 5.319053640265680727e-02
5.940000000000000000e+02 5.207499543723533020e-02
5.960000000000000000e+02 5.098580095382169997e-02
5.980000000000000000e+02 4.992297186268426779e-02
6.000000000000000000e+02 4.885982328368704969e-02
6.020000000000000000e+02 4.782893182776717239e-02
6.040000000000000000e+02 4.679782482924652737e-02
6.060000000000000000e+02 4.575385422119220002e-02
6.080000000000000000e+02 4.469702172534211621e-02
6.100000000000000000e+02 4.363998366856972067e-02
6.120000000000000000e+02 4.261123906248364540e-02
6.140000000000000000e+02 4.158249445639756320e-02
6.160000000000000000e+02 4.052397185813869790e-02
6.180000000000000000e+02 3.943567126770704256e-02
6.200000000000000000e+02 3.834737067727539417e-02
6.220000000000000000e+02 3.729118128159049361e-02
6.240000000000000000e+02 3.623499188590559306e-02
6.260000000000000000e+02 3.519070577792853677e-02
6.280000000000000000e+02 3.415832295765932475e-02
6.300000000000000000e+02 3.312594013739011273e-02
6.320000000000000000e+02 3.212029028220563659e-02
6.340000000000000000e+02 3.111464042702116045e-02
6.360000000000000000e+02 3.012613367888435784e-02
6.380000000000000000e+02 2.915477003779523915e-02
6.400000000000000000e+02 2.818340639670611700e-02
6.420000000000000000e+02 2.737378510354088190e-02
6.440000000000000000e+02 2.656416381037565375e-02
6.460000000000000000e+02 2.574267877530891230e-02
6.480000000000000000e+02 2.490932999834066450e-02
6.500000000000000000e+02 2.407598122137242017e-02
6.520000000000000000e+02 2.308136464615634029e-02
6.540000000000000000e+02 2.208674807094026388e-02
6.560000000000000000e+02 2.139558624066158904e-02
6.580000000000000000e+02 2.100787915532031230e-02
6.600000000000000000e+02 2.062017206997903904e-02
6.620000000000000000e+02 2.012039216947485512e-02
6.640000000000000000e+02 1.962061226897067120e-02
6.660000000000000000e+02 1.881520260418046916e-02
6.680000000000000000e+02 1.770416317510426635e-02
6.700000000000000000e+02 1.659312374602805659e-02
6.720000000000000000e+02 1.555544178770950497e-02
6.740000000000000000e+02 1.451775982939095683e-02
6.760000000000000000e+02 1.357910057014365991e-02
6.780000000000000000e+02 1.273946400996761423e-02
6.800000000000000000e+02 1.189982744979156855e-02
6.820000000000000000e+02 1.111808595009488101e-02
6.840000000000000000e+02 1.033634445039819175e-02
6.860000000000000000e+02 9.584693354744360655e-03
6.880000000000000000e+02 8.863132663133387740e-03
6.900000000000000000e+02 8.141571971522414825e-03
6.920000000000000000e+02 0.000000000000000000e+00
6.940000000000000000e+02 0.000000000000000000e+00
6.960000000000000000e+02 0.000000000000000000e+00
6.980000000000000000e+02 0.000000000000000000e+00
7.000000000000000000e+02 0.000000000000000000e+00
